4389357751 4396624275 1093834050 1083795436 1083455819 1094055350 1085397370 1093922451
4377967121 4403732190 1095512184 1082297122 1083523732 1082284415 1096804483 1082362833
4377248763 4383563570 1083506485 1081963479 1082763564 1088405022 1087777774 1082253306
4375445906 4389228667 1083803191 1082038003 1088421160 1082632853 1087634948 1093657061
4384338432 4419864109 1087881092 1088121629 1093605030 1085359041 1092357772 1082099106
4376129146 4374071291 1082614373 1086793879 1087931361 1082629490 1088011870 1082292455
4385905420 4373070123 1082566279 1082038190 1084744328 1083096915 1096660677 1082628183
4382676500 4376054193 1084014598 1082026326 1088200875 1083646624 1092847752 1087727780
4371303456 4374781374 1086241855 1089080082 1082249402 1089825216 1085989104 1083150284
4369032900 4385667352 1082770707 1082358068 1082467964 1082456983 1086214178 1087651294
4370405584 4380827338 1083506610 1084534228 1082297177 1089625568 1097491970 1088572470
4383565608 4367350489 1083638891 1081925280 1084308195 1086089595 1085264030 1082103738
4376439449 4371528990 1087707804 1082041721 1082681383 1087750844 1083654593 1094463971
4378490175 4381870141 1084889767 1090158825 1086454732 1091370366 1090485553 1082315061
4375015557 4401541568 1088066579 1086909281 1096248025 1082240111 1085778568 1082240983
